# Created by Octave 4.4.0, Thu Jun 14 02:14:06 2018 JST <yamashitakoki@Kokis-MacBook-Pro.local>
# name: v
# type: matrix
# rows: 1
# columns: 2
 1 3


